200 3 50
0.1 0.03 0.01
1 0 1 10 19 4 A
2 1 1 10 18 4 C
3 2 1 10 23 4 D
4 1 1 10 18 4 C
5 2 1 10 23 4 D
6 2 2 10 22 4 B
7 1 2 15 5 4 D
8 0 2 10 19 4 A
9 1 2 10 18 4 C
10 2 2 10 23 4 D
11 2 2 10 22 4 B
12 2 3 10 22 4 B
13 1 3 15 5 4 D
14 0 3 10 19 4 A
15 1 3 10 18 4 C
16 2 4 10 23 4 D
17 2 4 10 22 4 B
18 2 4 10 23 4 D
19 2 4 10 22 4 C
20 1 5 15 5 4 D
21 2 5 10 23 4 D
22 2 5 10 22 4 B
23 2 5 10 23 4 D
24 2 6 10 22 4 C
25 1 6 15 5 4 D
26 0 7 10 19 4 A
27 1 7 10 18 4 C
28 0 7 10 19 4 A
29 1 7 10 18 4 C
30 2 8 10 22 4 B
31 1 8 15 5 4 D
32 0 10 10 19 4 A
33 1 10 10 18 4 C
34 2 10 10 23 4 D
-1