200 3 14
0.1 0.03 0.01
1 0 1 10 19 4 A
2 1 1 10 18 4 C
3 2 1 10 23 4 D
4 0 1 10 19 4 A
5 1 1 10 18 4 C
6 2 1 10 23 4 D
7 2 2 10 22 4 B
8 0 2 10 19 4 A
9 1 2 10 18 4 C
10 2 2 10 23 4 D
11 2 2 10 22 4 B
12 1 3 10 18 4 C
13 2 3 10 23 4 D
14 2 3 10 22 4 B
15 0 4 10 19 4 A
16 1 4 10 18 4 C
17 2 4 10 23 4 D
18 2 4 10 22 4 B
19 0 5 10 19 4 A
20 1 5 10 18 4 C
21 2 5 10 23 4 D
22 2 6 10 22 4 B
23 0 7 10 19 4 A
24 1 7 10 18 4 C
25 2 7 10 23 4 D
26 2 7 10 22 4 B
27 0 7 10 19 4 A
28 1 7 10 18 4 C
29 2 8 10 23 4 D
30 1 8 10 18 4 C
31 2 8 10 23 4 D
32 2 8 10 22 4 B
33 0 8 10 19 4 A
34 1 9 10 18 4 C
35 2 9 10 22 4 B
36 0 9 10 19 4 A
37 1 10 10 18 4 C
38 2 10 10 23 4 D
39 2 10 10 22 4 B
-1