200 3 14
0.1 0.03 0.01
1 0 1 10 19 4 A
2 1 1 10 18 4 C
3 2 1 10 23 4 D
4 2 1 10 22 4 B
5 1 1 15 5 4 D
6 0 1 10 19 4 B
7 1 1 10 18 4 C
8 2 2 10 23 4 D
9 2 2 10 22 4 C
10 1 2 15 5 4 D
11 0 2 10 19 4 A
12 1 2 10 18 4 C
13 2 2 10 22 4 B
14 1 2 15 5 4 D
15 0 3 10 19 4 A
16 1 3 10 18 4 C
17 2 3 10 23 4 D
18 2 3 10 22 4 B
19 1 3 15 5 4 D
20 0 3 10 19 4 B
21 1 3 10 18 4 C
22 2 4 10 23 4 D
23 2 4 10 22 4 C
24 1 4 15 5 4 D
25 0 5 10 19 4 A
26 1 5 10 18 4 C
27 2 6 10 22 4 B
28 1 6 15 5 4 D
29 0 6 10 19 4 A
30 1 6 10 18 4 C
31 2 6 10 23 4 D
32 2 6 10 22 4 B
33 1 6 15 5 4 D
34 0 7 10 19 4 B
35 1 7 10 18 4 C
36 2 7 10 23 4 D
37 2 7 10 22 4 C
38 1 7 15 5 4 D
39 0 7 10 19 4 A
40 1 7 10 18 4 C
41 2 8 10 22 4 B
42 1 8 15 5 4 D

-1